1.000000000000000000e+00 2.320000000000000000e+02 0.000000000000000000e+00 8.620689655172413673e-03 2.586206896551724102e-02 7.758620689655172653e-02 2.155172413793103314e-01 1.853448275862069061e-01 3.232758620689655249e-01 6.896551724137930939e-02 9.482758620689654694e-02 0.000000000000000000e+00
1.000000000000000000e+00 1.280000000000000000e+02 0.000000000000000000e+00 0.000000000000000000e+00 4.687500000000000000e-02 9.375000000000000000e-02 1.015625000000000000e-01 2.343750000000000000e-01 2.500000000000000000e-01 1.328125000000000000e-01 1.171875000000000000e-01 2.343750000000000000e-02
1.000000000000000000e+00 1.680000000000000000e+02 0.000000000000000000e+00 1.785714285714285754e-01 5.357142857142856845e-02 1.428571428571428492e-01 2.142857142857142738e-01 1.309523809523809590e-01 1.369047619047619180e-01 6.547619047619047949e-02 7.738095238095238360e-02 0.000000000000000000e+00
1.000000000000000000e+00 4.500000000000000000e+01 2.222222222222222307e-02 4.444444444444444614e-02 2.222222222222222099e-01 8.888888888888889228e-02 8.888888888888889228e-02 3.111111111111111160e-01 1.333333333333333315e-01 6.666666666666666574e-02 2.222222222222222307e-02 0.000000000000000000e+00
1.000000000000000000e+00 3.900000000000000000e+01 0.000000000000000000e+00 2.564102564102564014e-02 5.128205128205128027e-02 7.692307692307692735e-02 1.025641025641025605e-01 4.358974358974359031e-01 2.307692307692307820e-01 2.564102564102564014e-02 5.128205128205128027e-02 0.000000000000000000e+00
1.000000000000000000e+00 1.880000000000000000e+02 5.319148936170212810e-02 1.063829787234042527e-02 1.063829787234042562e-01 1.063829787234042562e-01 2.021276595744680715e-01 2.021276595744680715e-01 2.127659574468085124e-01 6.382978723404254817e-02 3.723404255319148759e-02 5.319148936170212637e-03
1.000000000000000000e+00 1.720000000000000000e+02 0.000000000000000000e+00 3.488372093023255766e-02 8.720930232558139761e-02 8.139534883720930813e-02 1.802325581395348708e-01 1.802325581395348708e-01 2.790697674418604612e-01 8.139534883720930813e-02 7.558139534883720478e-02 0.000000000000000000e+00
1.000000000000000000e+00 1.600000000000000000e+02 2.500000000000000139e-02 5.625000000000000139e-02 1.125000000000000028e-01 1.125000000000000028e-01 2.000000000000000111e-01 1.187499999999999944e-01 1.437499999999999889e-01 1.562500000000000000e-01 7.499999999999999722e-02 0.000000000000000000e+00
1.000000000000000000e+00 1.680000000000000000e+02 0.000000000000000000e+00 5.952380952380952051e-03 1.071428571428571369e-01 1.071428571428571369e-01 1.666666666666666574e-01 2.202380952380952328e-01 2.142857142857142738e-01 9.523809523809523281e-02 7.738095238095238360e-02 5.952380952380952051e-03
1.000000000000000000e+00 2.140000000000000000e+02 2.336448598130841034e-02 9.345794392523364136e-02 5.140186915887850344e-02 2.383177570093457931e-01 1.074766355140186896e-01 2.009345794392523310e-01 1.121495327102803724e-01 9.345794392523364136e-02 7.009345794392522755e-02 9.345794392523363789e-03
1.000000000000000000e+00 3.150000000000000000e+02 0.000000000000000000e+00 6.031746031746031828e-02 5.079365079365079361e-02 6.984126984126984294e-02 1.682539682539682668e-01 2.285714285714285643e-01 2.190476190476190466e-01 1.142857142857142821e-01 7.936507936507936067e-02 9.523809523809524669e-03
1.000000000000000000e+00 2.700000000000000000e+02 0.000000000000000000e+00 3.703703703703703845e-03 4.074074074074074403e-02 1.074074074074074098e-01 2.518518518518518268e-01 1.703703703703703665e-01 1.851851851851851749e-01 1.185185185185185230e-01 1.074074074074074098e-01 1.481481481481481538e-02
1.000000000000000000e+00 1.120000000000000000e+02 0.000000000000000000e+00 2.678571428571428423e-02 6.250000000000000000e-02 5.357142857142856845e-02 1.875000000000000000e-01 2.321428571428571508e-01 1.964285714285714246e-01 1.160714285714285754e-01 1.071428571428571369e-01 1.785714285714285615e-02
1.000000000000000000e+00 1.160000000000000000e+02 0.000000000000000000e+00 8.620689655172413673e-03 1.551724137931034531e-01 1.465517241379310220e-01 1.982758620689655249e-01 1.293103448275862155e-01 1.379310344827586188e-01 1.551724137931034531e-01 6.896551724137930939e-02 0.000000000000000000e+00
1.000000000000000000e+00 1.590000000000000000e+02 0.000000000000000000e+00 0.000000000000000000e+00 6.289308176100629269e-03 7.547169811320754429e-02 1.572327044025157161e-01 1.886792452830188815e-01 2.012578616352201366e-01 2.075471698113207641e-01 1.509433962264150886e-01 1.257861635220125854e-02
1.000000000000000000e+00 1.350000000000000000e+02 0.000000000000000000e+00 5.925925925925926152e-02 2.962962962962963076e-02 5.925925925925926152e-02 1.629629629629629761e-01 1.555555555555555580e-01 1.925925925925925930e-01 1.703703703703703665e-01 1.185185185185185230e-01 5.185185185185185036e-02
1.000000000000000000e+00 1.010000000000000000e+02 0.000000000000000000e+00 2.970297029702970160e-02 5.940594059405940319e-02 3.960396039603960444e-02 2.178217821782178210e-01 2.475247524752475226e-01 1.782178217821782096e-01 6.930693069306931298e-02 9.900990099009901457e-02 5.940594059405940319e-02
1.000000000000000000e+00 1.200000000000000000e+02 0.000000000000000000e+00 2.500000000000000139e-02 8.333333333333332871e-02 1.000000000000000056e-01 1.333333333333333315e-01 2.750000000000000222e-01 1.916666666666666796e-01 1.166666666666666685e-01 5.833333333333333426e-02 1.666666666666666644e-02
1.000000000000000000e+00 2.090000000000000000e+02 0.000000000000000000e+00 0.000000000000000000e+00 8.133971291866028130e-02 2.870813397129186664e-02 2.009569377990430561e-01 2.535885167464114742e-01 1.244019138755980830e-01 1.770334928229665150e-01 9.090909090909091161e-02 4.306220095693780170e-02
1.000000000000000000e+00 4.800000000000000000e+01 0.000000000000000000e+00 2.083333333333333218e-02 2.291666666666666574e-01 4.166666666666666435e-02 1.875000000000000000e-01 1.250000000000000000e-01 2.291666666666666574e-01 1.250000000000000000e-01 4.166666666666666435e-02 0.000000000000000000e+00
1.000000000000000000e+00 4.700000000000000000e+01 4.255319148936170109e-02 0.000000000000000000e+00 6.382978723404254817e-02 1.489361702127659504e-01 1.276595744680850963e-01 2.127659574468085124e-01 1.276595744680850963e-01 1.914893617021276584e-01 6.382978723404254817e-02 2.127659574468085055e-02
1.000000000000000000e+00 4.600000000000000000e+01 0.000000000000000000e+00 0.000000000000000000e+00 4.347826086956521618e-02 1.956521739130434867e-01 1.956521739130434867e-01 8.695652173913043237e-02 2.608695652173912971e-01 8.695652173913043237e-02 1.304347826086956486e-01 0.000000000000000000e+00
1.000000000000000000e+00 2.480000000000000000e+02 0.000000000000000000e+00 0.000000000000000000e+00 4.032258064516128920e-02 2.217741935483870941e-01 8.870967741935484319e-02 2.137096774193548432e-01 1.250000000000000000e-01 4.435483870967742159e-02 2.580645161290322509e-01 8.064516129032257841e-03
1.000000000000000000e+00 2.070000000000000000e+02 0.000000000000000000e+00 4.830917874396135035e-03 1.835748792270531504e-01 0.000000000000000000e+00 1.932367149758454083e-01 2.077294685990338230e-01 1.787439613526569937e-01 8.212560386473430341e-02 7.729468599033816056e-02 7.246376811594203160e-02
1.000000000000000000e+00 1.790000000000000000e+02 0.000000000000000000e+00 1.675977653631284883e-02 1.173184357541899453e-01 1.675977653631284883e-02 1.899441340782122845e-01 1.396648044692737345e-01 1.675977653631284814e-01 1.508379888268156499e-01 1.564245810055865937e-01 4.469273743016759920e-02
1.000000000000000000e+00 3.800000000000000000e+01 0.000000000000000000e+00 5.263157894736841813e-02 2.631578947368420907e-02 1.315789473684210453e-01 5.263157894736841813e-02 2.105263157894736725e-01 2.631578947368420907e-01 1.315789473684210453e-01 7.894736842105262720e-02 5.263157894736841813e-02
2.500000000000000000e+00 1.550000000000000000e+02 0.000000000000000000e+00 0.000000000000000000e+00 1.419354838709677435e-01 1.483870967741935387e-01 1.870967741935483930e-01 2.258064516129032195e-01 1.419354838709677435e-01 1.096774193548387122e-01 3.225806451612903136e-02 1.290322580645161289e-02
2.500000000000000000e+00 5.700000000000000000e+01 0.000000000000000000e+00 0.000000000000000000e+00 5.263157894736841813e-02 1.754385964912280604e-01 1.578947368421052544e-01 3.684210526315789269e-01 1.228070175438596423e-01 1.052631578947368363e-01 1.754385964912280604e-02 0.000000000000000000e+00
2.500000000000000000e+00 1.320000000000000000e+02 7.575757575757575968e-03 2.272727272727272790e-02 7.575757575757575968e-03 2.272727272727272652e-01 1.515151515151515194e-01 1.893939393939393923e-01 1.893939393939393923e-01 1.287878787878787845e-01 6.818181818181817677e-02 7.575757575757575968e-03
2.500000000000000000e+00 8.400000000000000000e+01 0.000000000000000000e+00 0.000000000000000000e+00 2.380952380952380820e-02 1.190476190476190410e-01 1.904761904761904656e-01 1.428571428571428492e-01 2.857142857142856984e-01 1.666666666666666574e-01 5.952380952380952051e-02 1.190476190476190410e-02
2.500000000000000000e+00 1.400000000000000000e+02 0.000000000000000000e+00 7.142857142857142461e-02 5.714285714285714107e-02 8.571428571428571508e-02 2.071428571428571563e-01 1.499999999999999944e-01 1.214285714285714274e-01 1.285714285714285587e-01 1.571428571428571397e-01 2.142857142857142877e-02
2.500000000000000000e+00 1.450000000000000000e+02 2.068965517241379282e-02 1.379310344827586188e-02 1.172413793103448260e-01 1.310344827586207017e-01 1.793103448275862044e-01 1.655172413793103425e-01 1.793103448275862044e-01 1.241379310344827569e-01 4.827586206896551657e-02 2.068965517241379282e-02
2.500000000000000000e+00 1.370000000000000000e+02 0.000000000000000000e+00 7.299270072992700489e-03 1.678832116788321061e-01 1.167883211678832078e-01 1.970802919708029288e-01 2.043795620437956206e-01 1.751824817518248256e-01 6.569343065693430961e-02 6.569343065693430961e-02 0.000000000000000000e+00
2.500000000000000000e+00 1.390000000000000000e+02 0.000000000000000000e+00 1.438848920863309427e-02 8.633093525179856564e-02 1.582733812949640162e-01 1.366906474820143991e-01 1.510791366906474864e-01 1.654676258992805737e-01 1.582733812949640162e-01 9.352517985611510931e-02 3.597122302158273222e-02
2.500000000000000000e+00 2.500000000000000000e+02 0.000000000000000000e+00 4.000000000000000083e-03 1.079999999999999988e-01 5.600000000000000117e-02 1.320000000000000062e-01 2.320000000000000118e-01 2.359999999999999876e-01 1.400000000000000133e-01 6.800000000000000488e-02 2.400000000000000050e-02
2.500000000000000000e+00 7.600000000000000000e+01 0.000000000000000000e+00 1.315789473684210453e-02 1.447368421052631637e-01 1.447368421052631637e-01 1.842105263157894635e-01 1.842105263157894635e-01 1.842105263157894635e-01 6.578947368421052266e-02 7.894736842105262720e-02 0.000000000000000000e+00
2.500000000000000000e+00 9.100000000000000000e+01 0.000000000000000000e+00 2.197802197802197974e-02 0.000000000000000000e+00 8.791208791208791895e-02 1.318681318681318715e-01 2.417582417582417598e-01 1.978021978021977934e-01 2.087912087912087988e-01 5.494505494505494414e-02 5.494505494505494414e-02
2.500000000000000000e+00 4.500000000000000000e+01 0.000000000000000000e+00 4.444444444444444614e-02 4.444444444444444614e-02 6.666666666666666574e-02 1.333333333333333315e-01 4.444444444444444198e-01 1.111111111111111049e-01 6.666666666666666574e-02 4.444444444444444614e-02 4.444444444444444614e-02
2.500000000000000000e+00 1.980000000000000000e+02 5.050505050505050934e-03 3.030303030303030387e-02 6.565656565656566301e-02 8.585858585858585634e-02 1.616161616161616299e-01 2.121212121212121271e-01 1.919191919191919060e-01 8.585858585858585634e-02 1.363636363636363535e-01 2.525252525252525207e-02
2.500000000000000000e+00 6.400000000000000000e+01 1.562500000000000000e-02 1.562500000000000000e-01 9.375000000000000000e-02 1.562500000000000000e-01 2.656250000000000000e-01 1.718750000000000000e-01 6.250000000000000000e-02 3.125000000000000000e-02 4.687500000000000000e-02 0.000000000000000000e+00
2.500000000000000000e+00 2.940000000000000000e+02 3.401360544217686948e-03 4.081632653061224164e-02 5.442176870748299117e-02 9.863945578231292366e-02 1.836734693877551117e-01 2.176870748299319647e-01 2.108843537414966107e-01 1.360544217687074953e-01 4.761904761904761640e-02 6.802721088435373896e-03
2.500000000000000000e+00 2.020000000000000000e+02 4.950495049504950555e-03 5.445544554455445524e-02 9.900990099009901457e-02 6.930693069306931298e-02 1.287128712871287162e-01 8.910891089108910479e-02 1.683168316831683275e-01 1.683168316831683275e-01 1.287128712871287162e-01 8.910891089108910479e-02
2.500000000000000000e+00 1.400000000000000000e+02 0.000000000000000000e+00 1.428571428571428527e-02 7.142857142857142461e-02 1.785714285714285754e-01 1.571428571428571397e-01 2.000000000000000111e-01 9.285714285714286031e-02 1.142857142857142821e-01 1.357142857142857040e-01 3.571428571428571230e-02
2.500000000000000000e+00 1.490000000000000000e+02 0.000000000000000000e+00 2.684563758389261687e-02 1.677852348993288667e-01 8.724832214765100569e-02 8.724832214765100569e-02 1.543624161073825496e-01 2.013422818791946178e-01 1.275167785234899431e-01 8.053691275167784713e-02 6.711409395973154390e-02
2.500000000000000000e+00 1.250000000000000000e+02 0.000000000000000000e+00 2.400000000000000050e-02 1.680000000000000104e-01 9.600000000000000200e-02 1.280000000000000027e-01 1.039999999999999952e-01 1.519999999999999962e-01 1.280000000000000027e-01 8.799999999999999489e-02 1.120000000000000023e-01
2.500000000000000000e+00 1.500000000000000000e+02 0.000000000000000000e+00 2.000000000000000042e-02 6.666666666666666574e-02 1.000000000000000056e-01 1.000000000000000056e-01 2.399999999999999911e-01 1.799999999999999933e-01 1.600000000000000033e-01 1.000000000000000056e-01 3.333333333333333287e-02
2.500000000000000000e+00 2.070000000000000000e+02 4.830917874396135035e-03 5.314009661835748799e-02 1.449275362318840597e-02 7.246376811594203160e-02 1.304347826086956486e-01 1.352657004830917775e-01 2.222222222222222099e-01 1.739130434782608647e-01 1.497584541062801922e-01 4.347826086956521618e-02
2.500000000000000000e+00 2.800000000000000000e+01 0.000000000000000000e+00 3.571428571428571230e-02 0.000000000000000000e+00 7.142857142857142461e-02 1.428571428571428492e-01 7.142857142857142461e-02 1.071428571428571369e-01 2.857142857142856984e-01 2.500000000000000000e-01 3.571428571428571230e-02
2.500000000000000000e+00 1.610000000000000000e+02 0.000000000000000000e+00 1.242236024844720413e-02 8.695652173913043237e-02 1.614906832298136641e-01 6.832298136645963138e-02 1.490683229813664634e-01 1.801242236024844789e-01 1.677018633540372783e-01 1.180124223602484479e-01 5.590062111801242378e-02
2.500000000000000000e+00 1.200000000000000000e+02 1.083333333333333370e-01 3.333333333333333287e-02 7.499999999999999722e-02 2.000000000000000111e-01 7.499999999999999722e-02 6.666666666666666574e-02 1.333333333333333315e-01 1.333333333333333315e-01 4.166666666666666435e-02 1.333333333333333315e-01
2.500000000000000000e+00 2.650000000000000000e+02 0.000000000000000000e+00 7.547169811320754776e-03 1.735849056603773477e-01 7.924528301886792081e-02 9.056603773584905037e-02 1.547169811320754651e-01 1.547169811320754651e-01 1.358490566037735825e-01 1.433962264150943355e-01 6.037735849056603821e-02
2.500000000000000000e+00 2.090000000000000000e+02 0.000000000000000000e+00 1.913875598086124327e-02 6.220095693779904150e-02 1.244019138755980830e-01 1.435406698564593297e-01 2.009569377990430561e-01 1.339712918660287133e-01 1.483253588516746380e-01 1.244019138755980830e-01 4.306220095693780170e-02
2.500000000000000000e+00 7.100000000000000000e+01 0.000000000000000000e+00 0.000000000000000000e+00 0.000000000000000000e+00 1.408450704225352179e-01 1.549295774647887203e-01 2.112676056338028130e-01 1.971830985915492829e-01 1.971830985915492829e-01 7.042253521126760896e-02 2.816901408450704289e-02
2.500000000000000000e+00 8.900000000000000000e+01 0.000000000000000000e+00 0.000000000000000000e+00 1.460674157303370746e-01 5.617977528089887485e-02 1.685393258426966245e-01 2.471910112359550493e-01 1.910112359550561745e-01 1.235955056179775247e-01 4.494382022471909988e-02 2.247191011235954994e-02
2.500000000000000000e+00 1.320000000000000000e+02 0.000000000000000000e+00 3.030303030303030387e-02 1.363636363636363535e-01 1.363636363636363535e-01 2.196969696969696961e-01 2.045454545454545581e-01 1.590909090909090884e-01 7.575757575757575968e-02 2.272727272727272790e-02 1.515151515151515194e-02
2.500000000000000000e+00 1.030000000000000000e+02 0.000000000000000000e+00 1.941747572815533812e-02 1.262135922330097082e-01 1.262135922330097082e-01 1.844660194174757295e-01 6.796116504854368690e-02 1.262135922330097082e-01 1.456310679611650394e-01 1.359223300970873738e-01 6.796116504854368690e-02
2.500000000000000000e+00 5.400000000000000000e+01 0.000000000000000000e+00 3.703703703703703498e-02 9.259259259259258745e-02 3.703703703703703498e-02 1.851851851851851749e-01 1.296296296296296224e-01 2.407407407407407274e-01 2.592592592592592449e-01 0.000000000000000000e+00 1.851851851851851749e-02
2.500000000000000000e+00 1.940000000000000000e+02 0.000000000000000000e+00 2.577319587628865843e-02 1.082474226804123751e-01 1.752577319587628746e-01 1.855670103092783574e-01 2.010309278350515538e-01 1.443298969072164817e-01 1.030927835051546337e-01 5.154639175257731687e-02 5.154639175257731860e-03
4.500000000000000000e+00 9.000000000000000000e+01 0.000000000000000000e+00 3.333333333333333287e-02 1.888888888888888840e-01 1.777777777777777846e-01 1.000000000000000056e-01 2.333333333333333370e-01 1.000000000000000056e-01 6.666666666666666574e-02 8.888888888888889228e-02 1.111111111111111154e-02
4.500000000000000000e+00 1.150000000000000000e+02 0.000000000000000000e+00 8.695652173913043584e-03 6.086956521739130682e-02 1.565217391304347949e-01 1.826086956521739135e-01 1.565217391304347949e-01 1.130434782608695649e-01 1.304347826086956486e-01 1.391304347826086973e-01 5.217391304347825803e-02
4.500000000000000000e+00 1.180000000000000000e+02 0.000000000000000000e+00 8.474576271186440649e-03 5.932203389830508627e-02 1.016949152542372947e-01 1.101694915254237267e-01 1.949152542372881436e-01 2.203389830508474534e-01 1.779661016949152519e-01 1.186440677966101725e-01 8.474576271186440649e-03
4.500000000000000000e+00 7.100000000000000000e+01 0.000000000000000000e+00 2.816901408450704289e-02 4.225352112676056260e-02 2.816901408450704289e-02 1.830985915492957805e-01 2.394366197183098455e-01 2.816901408450704358e-01 9.859154929577464144e-02 9.859154929577464144e-02 0.000000000000000000e+00
4.500000000000000000e+00 6.600000000000000000e+01 0.000000000000000000e+00 4.545454545454545581e-02 6.060606060606060774e-02 1.363636363636363535e-01 1.060606060606060635e-01 1.666666666666666574e-01 2.878787878787879007e-01 1.212121212121212155e-01 7.575757575757575968e-02 0.000000000000000000e+00
4.500000000000000000e+00 6.700000000000000000e+01 0.000000000000000000e+00 7.462686567164178442e-02 1.044776119402985037e-01 1.343283582089552231e-01 1.194029850746268634e-01 1.044776119402985037e-01 2.388059701492537268e-01 1.492537313432835688e-01 5.970149253731343170e-02 1.492537313432835792e-02
4.500000000000000000e+00 4.900000000000000000e+01 0.000000000000000000e+00 2.040816326530612082e-02 1.836734693877551117e-01 6.122448979591836593e-02 1.428571428571428492e-01 1.428571428571428492e-01 1.632653061224489666e-01 1.428571428571428492e-01 1.428571428571428492e-01 0.000000000000000000e+00
4.500000000000000000e+00 5.200000000000000000e+01 1.923076923076923184e-02 7.692307692307692735e-02 2.692307692307692180e-01 7.692307692307692735e-02 2.115384615384615363e-01 5.769230769230769551e-02 1.538461538461538547e-01 1.153846153846153910e-01 1.923076923076923184e-02 0.000000000000000000e+00
4.500000000000000000e+00 9.500000000000000000e+01 0.000000000000000000e+00 2.105263157894736795e-02 2.421052631578947401e-01 1.578947368421052544e-01 1.263157894736842146e-01 1.263157894736842146e-01 1.789473684210526327e-01 1.473684210526315652e-01 0.000000000000000000e+00 0.000000000000000000e+00
4.500000000000000000e+00 8.800000000000000000e+01 0.000000000000000000e+00 1.136363636363636395e-02 3.409090909090908839e-02 1.022727272727272790e-01 2.954545454545454697e-01 1.704545454545454419e-01 1.363636363636363535e-01 1.477272727272727348e-01 7.954545454545454419e-02 2.272727272727272790e-02
4.500000000000000000e+00 1.390000000000000000e+02 0.000000000000000000e+00 2.158273381294964141e-02 8.633093525179856564e-02 2.086330935251798635e-01 2.086330935251798635e-01 2.014388489208633060e-01 7.194244604316546443e-02 9.352517985611510931e-02 1.007194244604316530e-01 7.194244604316547137e-03
4.500000000000000000e+00 6.200000000000000000e+01 0.000000000000000000e+00 1.612903225806451568e-02 9.677419354838709409e-02 1.451612903225806550e-01 1.774193548387096864e-01 2.419354838709677491e-01 1.129032258064516098e-01 1.451612903225806550e-01 6.451612903225806273e-02 0.000000000000000000e+00
4.500000000000000000e+00 1.120000000000000000e+02 0.000000000000000000e+00 3.571428571428571230e-02 8.928571428571428770e-02 1.339285714285714246e-01 1.875000000000000000e-01 1.875000000000000000e-01 1.875000000000000000e-01 1.250000000000000000e-01 5.357142857142856845e-02 0.000000000000000000e+00
4.500000000000000000e+00 1.430000000000000000e+02 0.000000000000000000e+00 3.496503496503496761e-02 6.293706293706294308e-02 7.692307692307692735e-02 2.167832167832167700e-01 1.888111888111888015e-01 3.426573426573426562e-01 6.293706293706294308e-02 1.398601398601398600e-02 0.000000000000000000e+00
4.500000000000000000e+00 1.330000000000000000e+02 0.000000000000000000e+00 2.255639097744360777e-02 9.774436090225563367e-02 6.766917293233082331e-02 2.481203007518796855e-01 9.774436090225563367e-02 3.157894736842105088e-01 7.518796992481202590e-02 5.263157894736841813e-02 2.255639097744360777e-02
4.500000000000000000e+00 1.480000000000000000e+02 6.756756756756757132e-03 9.459459459459459985e-02 1.081081081081081141e-01 9.459459459459459985e-02 1.824324324324324287e-01 1.486486486486486569e-01 1.486486486486486569e-01 1.081081081081081141e-01 7.432432432432432845e-02 3.378378378378378566e-02
4.500000000000000000e+00 6.200000000000000000e+01 4.838709677419354704e-02 0.000000000000000000e+00 1.774193548387096864e-01 1.612903225806451568e-01 1.129032258064516098e-01 1.612903225806451568e-01 6.451612903225806273e-02 1.451612903225806550e-01 1.129032258064516098e-01 1.612903225806451568e-02
4.500000000000000000e+00 1.010000000000000000e+02 0.000000000000000000e+00 0.000000000000000000e+00 9.900990099009901110e-03 1.287128712871287162e-01 8.910891089108910479e-02 2.673267326732673421e-01 2.079207920792079112e-01 1.881188118811881194e-01 9.900990099009901457e-02 9.900990099009901110e-03
4.500000000000000000e+00 2.460000000000000000e+02 0.000000000000000000e+00 1.626016260162601798e-02 4.065040650406503975e-02 6.097560975609755962e-02 1.260162601626016177e-01 1.707317073170731836e-01 2.276422764227642170e-01 1.910569105691057035e-01 1.219512195121951192e-01 4.471544715447154511e-02
4.500000000000000000e+00 7.300000000000000000e+01 0.000000000000000000e+00 2.739726027397260122e-02 1.369863013698630061e-01 1.917808219178082085e-01 1.780821917808219079e-01 1.643835616438356073e-01 1.369863013698630061e-01 1.369863013698630061e-01 1.369863013698630061e-02 1.369863013698630061e-02
4.500000000000000000e+00 1.810000000000000000e+02 5.524861878453038444e-03 1.657458563535911533e-02 7.182320441988949977e-02 1.215469613259668458e-01 2.430939226519336915e-01 1.933701657458563594e-01 1.270718232044198981e-01 9.944751381215469199e-02 9.944751381215469199e-02 2.209944751381215378e-02
4.500000000000000000e+00 9.300000000000000000e+01 0.000000000000000000e+00 0.000000000000000000e+00 1.075268817204301161e-02 1.505376344086021556e-01 1.505376344086021556e-01 3.010752688172043112e-01 1.397849462365591267e-01 1.612903225806451568e-01 8.602150537634409289e-02 0.000000000000000000e+00
4.500000000000000000e+00 1.270000000000000000e+02 0.000000000000000000e+00 7.874015748031495954e-03 8.661417322834645549e-02 1.417322834645669272e-01 1.968503937007874127e-01 2.204724409448818867e-01 1.811023622047244208e-01 1.181102362204724393e-01 3.937007874015747977e-02 7.874015748031495954e-03
4.500000000000000000e+00 1.240000000000000000e+02 0.000000000000000000e+00 1.612903225806451568e-02 1.451612903225806550e-01 1.532258064516129059e-01 1.935483870967741882e-01 1.693548387096774077e-01 1.129032258064516098e-01 1.209677419354838745e-01 8.064516129032257841e-02 8.064516129032257841e-03
4.500000000000000000e+00 1.440000000000000000e+02 0.000000000000000000e+00 5.555555555555555247e-02 2.083333333333333218e-02 8.333333333333332871e-02 1.319444444444444475e-01 1.180555555555555525e-01 2.361111111111111049e-01 1.527777777777777901e-01 1.458333333333333426e-01 5.555555555555555247e-02
4.500000000000000000e+00 1.450000000000000000e+02 0.000000000000000000e+00 0.000000000000000000e+00 6.206896551724137845e-02 9.655172413793103314e-02 1.448275862068965636e-01 3.034482758620689613e-01 1.379310344827586188e-01 1.724137931034482873e-01 6.206896551724137845e-02 2.068965517241379282e-02
7.000000000000000000e+00 1.020000000000000000e+02 0.000000000000000000e+00 0.000000000000000000e+00 8.823529411764706454e-02 5.882352941176470507e-02 2.450980392156862642e-01 1.176470588235294101e-01 2.254901960784313764e-01 1.176470588235294101e-01 1.176470588235294101e-01 2.941176470588235253e-02
7.000000000000000000e+00 4.150000000000000000e+02 0.000000000000000000e+00 0.000000000000000000e+00 3.132530120481927943e-02 1.060240963855421659e-01 1.421686746987951833e-01 1.614457831325301074e-01 2.457831325301204906e-01 1.927710843373494076e-01 8.915662650602410033e-02 3.132530120481927943e-02
7.000000000000000000e+00 9.300000000000000000e+01 0.000000000000000000e+00 0.000000000000000000e+00 6.451612903225806273e-02 8.602150537634409289e-02 1.612903225806451568e-01 1.720430107526881858e-01 2.258064516129032195e-01 1.505376344086021556e-01 1.182795698924731242e-01 2.150537634408602322e-02
7.000000000000000000e+00 1.110000000000000000e+02 0.000000000000000000e+00 0.000000000000000000e+00 7.207207207207207145e-02 9.009009009009008584e-02 1.441441441441441429e-01 1.981981981981981999e-01 2.432432432432432567e-01 1.351351351351351426e-01 9.009009009009008584e-02 2.702702702702702853e-02
7.000000000000000000e+00 9.900000000000000000e+01 0.000000000000000000e+00 2.020202020202020374e-02 1.313131313131313260e-01 5.050505050505050414e-02 2.525252525252525415e-01 2.121212121212121271e-01 1.010101010101010083e-01 1.111111111111111049e-01 1.010101010101010083e-01 2.020202020202020374e-02
7.000000000000000000e+00 5.200000000000000000e+01 0.000000000000000000e+00 0.000000000000000000e+00 1.153846153846153910e-01 1.730769230769230727e-01 1.923076923076923184e-01 2.307692307692307820e-01 1.730769230769230727e-01 9.615384615384615918e-02 1.923076923076923184e-02 0.000000000000000000e+00
7.000000000000000000e+00 1.090000000000000000e+02 9.174311926605505096e-03 1.834862385321101019e-02 5.504587155963303058e-02 1.192660550458715663e-01 1.192660550458715663e-01 2.568807339449541427e-01 1.651376146788990917e-01 1.559633027522935866e-01 9.174311926605505096e-02 9.174311926605505096e-03
7.000000000000000000e+00 1.370000000000000000e+02 7.299270072992700489e-03 1.459854014598540098e-02 6.569343065693430961e-02 2.189781021897810320e-01 1.751824817518248256e-01 2.554744525547445466e-01 1.313868613138686192e-01 6.569343065693430961e-02 5.109489051094890516e-02 1.459854014598540098e-02
7.000000000000000000e+00 1.420000000000000000e+02 0.000000000000000000e+00 7.042253521126760722e-03 2.816901408450704289e-02 2.112676056338028130e-01 1.549295774647887203e-01 2.042253521126760618e-01 1.830985915492957805e-01 1.126760563380281716e-01 4.929577464788732072e-02 4.929577464788732072e-02
7.000000000000000000e+00 1.440000000000000000e+02 6.944444444444444059e-03 1.388888888888888812e-02 7.638888888888889506e-02 9.027777777777777624e-02 2.013888888888888951e-01 1.875000000000000000e-01 1.944444444444444475e-01 1.250000000000000000e-01 7.638888888888889506e-02 2.777777777777777624e-02
7.000000000000000000e+00 1.250000000000000000e+02 0.000000000000000000e+00 8.000000000000000167e-03 7.199999999999999456e-02 1.839999999999999969e-01 1.600000000000000033e-01 2.000000000000000111e-01 1.519999999999999962e-01 1.360000000000000098e-01 5.600000000000000117e-02 3.200000000000000067e-02
7.000000000000000000e+00 1.530000000000000000e+02 0.000000000000000000e+00 1.960784313725490169e-02 1.372549019607843257e-01 7.843137254901960675e-02 1.764705882352941291e-01 2.875816993464052063e-01 1.503267973856209083e-01 9.150326797385620325e-02 5.228758169934640682e-02 6.535947712418300852e-03
7.000000000000000000e+00 1.520000000000000000e+02 0.000000000000000000e+00 6.578947368421052266e-03 1.973684210526315819e-01 2.500000000000000000e-01 1.118421052631578955e-01 1.907894736842105365e-01 8.552631578947368640e-02 5.263157894736841813e-02 6.578947368421052266e-02 3.947368421052631360e-02
7.000000000000000000e+00 8.300000000000000000e+01 0.000000000000000000e+00 2.409638554216867595e-02 2.409638554216867595e-02 7.228915662650602092e-02 1.204819277108433728e-01 2.048192771084337283e-01 2.289156626506023973e-01 9.638554216867470381e-02 1.566265060240963902e-01 7.228915662650602092e-02
7.000000000000000000e+00 1.750000000000000000e+02 2.285714285714285712e-02 6.285714285714286143e-02 1.314285714285714224e-01 1.142857142857142821e-01 1.657142857142857029e-01 1.600000000000000033e-01 1.485714285714285765e-01 1.199999999999999956e-01 4.000000000000000083e-02 3.428571428571428742e-02
7.000000000000000000e+00 1.160000000000000000e+02 4.310344827586207184e-02 1.379310344827586188e-01 1.810344827586206906e-01 1.206896551724137984e-01 1.637931034482758563e-01 1.206896551724137984e-01 6.034482758620689918e-02 1.120689655172413812e-01 6.034482758620689918e-02 0.000000000000000000e+00
7.000000000000000000e+00 1.870000000000000000e+02 1.069518716577540045e-02 6.417112299465241310e-02 7.486631016042780140e-02 1.069518716577540079e-01 2.352941176470588203e-01 2.459893048128342363e-01 1.016042780748663138e-01 4.812834224598930288e-02 7.486631016042780140e-02 3.743315508021390070e-02
7.000000000000000000e+00 1.630000000000000000e+02 0.000000000000000000e+00 1.840490797546012400e-02 1.901840490797546135e-01 1.472392638036809920e-01 1.472392638036809920e-01 3.374233128834355777e-01 8.588957055214724301e-02 6.748466257668711554e-02 6.134969325153374377e-03 0.000000000000000000e+00
7.000000000000000000e+00 2.620000000000000000e+02 7.633587786259541687e-03 7.251908396946564472e-02 1.641221374045801484e-01 1.335877862595419852e-01 1.984732824427480891e-01 1.526717557251908441e-01 1.603053435114503711e-01 4.198473282442748145e-02 6.870229007633588125e-02 0.000000000000000000e+00
7.000000000000000000e+00 1.720000000000000000e+02 1.744186046511627883e-02 4.651162790697674354e-02 1.220930232558139483e-01 1.162790697674418589e-01 2.383720930232558211e-01 3.139534883720930258e-01 9.883720930232557655e-02 1.744186046511627883e-02 2.906976744186046471e-02 0.000000000000000000e+00
7.000000000000000000e+00 2.740000000000000000e+02 0.000000000000000000e+00 2.189781021897810320e-02 4.379562043795620641e-02 8.029197080291970712e-02 1.240875912408759135e-01 2.080291970802919665e-01 2.554744525547445466e-01 1.496350364963503765e-01 8.029197080291970712e-02 3.649635036496350071e-02
7.000000000000000000e+00 5.720000000000000000e+02 1.748251748251748250e-03 2.447552447552447594e-02 6.468531468531468764e-02 1.433566433566433596e-01 1.573426573426573438e-01 1.660839160839160944e-01 1.975524475524475521e-01 1.223776223776223832e-01 9.440559440559440074e-02 2.797202797202797200e-02
7.000000000000000000e+00 1.410000000000000000e+02 0.000000000000000000e+00 2.836879432624113406e-02 5.673758865248226813e-02 1.276595744680850963e-01 1.985815602836879523e-01 1.914893617021276584e-01 2.056737588652482185e-01 9.219858156028368223e-02 7.092198581560284210e-02 2.836879432624113406e-02
7.000000000000000000e+00 1.180000000000000000e+02 0.000000000000000000e+00 4.237288135593220151e-02 3.389830508474576259e-02 1.101694915254237267e-01 1.186440677966101725e-01 2.372881355932203451e-01 1.271186440677966045e-01 2.033898305084745894e-01 1.016949152542372947e-01 2.542372881355932368e-02
7.000000000000000000e+00 1.010000000000000000e+02 0.000000000000000000e+00 5.940594059405940319e-02 5.940594059405940319e-02 1.188118811881188064e-01 9.900990099009901457e-02 1.188118811881188064e-01 2.772277227722772519e-01 1.287128712871287162e-01 1.287128712871287162e-01 9.900990099009901110e-03
7.000000000000000000e+00 1.360000000000000000e+02 0.000000000000000000e+00 2.205882352941176613e-02 2.941176470588235253e-02 1.250000000000000000e-01 1.691176470588235392e-01 2.205882352941176405e-01 1.250000000000000000e-01 1.176470588235294101e-01 1.397058823529411797e-01 5.147058823529411520e-02
7.000000000000000000e+00 1.500000000000000000e+02 0.000000000000000000e+00 5.999999999999999778e-02 5.999999999999999778e-02 1.533333333333333215e-01 1.466666666666666674e-01 2.200000000000000011e-01 1.666666666666666574e-01 1.066666666666666735e-01 5.999999999999999778e-02 2.666666666666666838e-02
7.000000000000000000e+00 1.200000000000000000e+02 0.000000000000000000e+00 8.333333333333333218e-03 3.333333333333333287e-02 1.083333333333333370e-01 1.666666666666666574e-01 1.250000000000000000e-01 1.583333333333333259e-01 2.166666666666666741e-01 1.499999999999999944e-01 3.333333333333333287e-02
7.000000000000000000e+00 1.320000000000000000e+02 0.000000000000000000e+00 3.787878787878787984e-02 6.060606060606060774e-02 1.742424242424242542e-01 1.969696969696969613e-01 1.212121212121212155e-01 1.742424242424242542e-01 1.590909090909090884e-01 6.060606060606060774e-02 1.515151515151515194e-02
9.500000000000000000e+00 5.280000000000000000e+02 0.000000000000000000e+00 1.325757575757575794e-02 5.113636363636363952e-02 1.439393939393939503e-01 1.723484848484848619e-01 1.875000000000000000e-01 1.931818181818181768e-01 1.477272727272727348e-01 8.522727272727272096e-02 5.681818181818181976e-03
9.500000000000000000e+00 1.770000000000000000e+02 0.000000000000000000e+00 1.129943502824858753e-02 6.214689265536723489e-02 1.186440677966101725e-01 1.638418079096045088e-01 2.203389830508474534e-01 1.751412429378531033e-01 1.581920903954802393e-01 6.779661016949152519e-02 2.259887005649717506e-02
9.500000000000000000e+00 3.590000000000000000e+02 0.000000000000000000e+00 2.785515320334261760e-02 4.456824512534818955e-02 1.114206128133704704e-01 2.339832869080779865e-01 1.922005571030640791e-01 1.532033426183843916e-01 1.448467966573816212e-01 6.406685236768802638e-02 2.785515320334261760e-02
9.500000000000000000e+00 4.900000000000000000e+01 0.000000000000000000e+00 0.000000000000000000e+00 8.163265306122448328e-02 1.632653061224489666e-01 2.040816326530612290e-01 1.632653061224489666e-01 1.224489795918367319e-01 1.632653061224489666e-01 6.122448979591836593e-02 4.081632653061224164e-02
9.500000000000000000e+00 2.470000000000000000e+02 0.000000000000000000e+00 4.048582995951417046e-03 8.906882591093116808e-02 1.457489878542509998e-01 2.024291497975708454e-01 2.105263157894736725e-01 1.700404858299595090e-01 5.668016194331983865e-02 1.012145748987854227e-01 2.024291497975708523e-02
9.500000000000000000e+00 1.140000000000000000e+02 0.000000000000000000e+00 0.000000000000000000e+00 2.631578947368420907e-02 8.771929824561403022e-02 1.578947368421052544e-01 2.192982456140350755e-01 2.105263157894736725e-01 2.105263157894736725e-01 8.771929824561403022e-02 0.000000000000000000e+00
9.500000000000000000e+00 3.330000000000000000e+02 0.000000000000000000e+00 9.009009009009008931e-03 3.903903903903904044e-02 1.351351351351351426e-01 1.801801801801801717e-01 1.771771771771771808e-01 2.042042042042042094e-01 1.561561561561561617e-01 7.807807807807808087e-02 2.102102102102102257e-02
9.500000000000000000e+00 2.010000000000000000e+02 0.000000000000000000e+00 9.950248756218905283e-03 5.970149253731343170e-02 1.343283582089552231e-01 2.089552238805970075e-01 2.487562189054726425e-01 1.094527363184079616e-01 1.691542288557214002e-01 5.970149253731343170e-02 0.000000000000000000e+00
9.500000000000000000e+00 2.150000000000000000e+02 0.000000000000000000e+00 0.000000000000000000e+00 2.325581395348837177e-02 4.651162790697674354e-02 2.697674418604651403e-01 1.581395348837209280e-01 2.790697674418604612e-01 1.255813953488372214e-01 9.302325581395348708e-02 4.651162790697674354e-03
9.500000000000000000e+00 5.220000000000000000e+02 0.000000000000000000e+00 1.724137931034482735e-02 7.662835249042145025e-02 1.494252873563218509e-01 1.992337164750957734e-01 1.915708812260536464e-01 1.896551724137930939e-01 1.111111111111111049e-01 5.363984674329502073e-02 1.149425287356321823e-02
9.500000000000000000e+00 2.110000000000000000e+02 0.000000000000000000e+00 2.843601895734597026e-02 6.161137440758293615e-02 1.327014218009478774e-01 1.990521327014218023e-01 2.369668246445497672e-01 1.753554502369668311e-01 9.478672985781989857e-02 5.213270142180094491e-02 1.895734597156398249e-02
9.500000000000000000e+00 1.270000000000000000e+02 0.000000000000000000e+00 3.149606299212598381e-02 7.086614173228346358e-02 3.937007874015747977e-02 1.889763779527559029e-01 2.047244094488188948e-01 1.653543307086614289e-01 1.417322834645669272e-01 1.102362204724409434e-01 4.724409448818897572e-02
9.500000000000000000e+00 1.670000000000000000e+02 0.000000000000000000e+00 3.592814371257484901e-02 7.784431137724551197e-02 1.736526946107784519e-01 1.976047904191616800e-01 2.155688622754491079e-01 1.856287425149700521e-01 7.784431137724551197e-02 2.994011976047904200e-02 5.988023952095808747e-03
9.500000000000000000e+00 1.600000000000000000e+02 0.000000000000000000e+00 6.250000000000000347e-03 1.125000000000000028e-01 1.375000000000000111e-01 1.812499999999999944e-01 1.875000000000000000e-01 2.000000000000000111e-01 1.000000000000000056e-01 4.374999999999999722e-02 3.125000000000000000e-02
9.500000000000000000e+00 1.250000000000000000e+02 0.000000000000000000e+00 2.400000000000000050e-02 6.400000000000000133e-02 6.400000000000000133e-02 1.519999999999999962e-01 2.000000000000000111e-01 2.159999999999999976e-01 2.000000000000000111e-01 6.400000000000000133e-02 1.600000000000000033e-02
9.500000000000000000e+00 1.110000000000000000e+02 1.801801801801801786e-02 3.603603603603603572e-02 1.711711711711711714e-01 9.009009009009008584e-02 1.891891891891891997e-01 2.252252252252252285e-01 9.909909909909909997e-02 9.909909909909909997e-02 4.504504504504504292e-02 2.702702702702702853e-02
9.500000000000000000e+00 1.940000000000000000e+02 0.000000000000000000e+00 5.154639175257731860e-03 4.123711340206185488e-02 1.855670103092783574e-01 1.804123711340206160e-01 2.319587628865979467e-01 2.268041237113402053e-01 8.762886597938143729e-02 3.092783505154639290e-02 1.030927835051546372e-02
9.500000000000000000e+00 2.480000000000000000e+02 4.032258064516128920e-03 1.612903225806451568e-02 4.435483870967742159e-02 1.491935483870967805e-01 2.056451612903225923e-01 2.459677419354838745e-01 1.532258064516129059e-01 1.088709677419354843e-01 6.048387096774193727e-02 1.209677419354838676e-02
9.500000000000000000e+00 2.050000000000000000e+02 4.878048780487804874e-03 6.341463414634146423e-02 5.853658536585366196e-02 1.121951219512195147e-01 1.317073170731707377e-01 3.512195121951219301e-01 1.170731707317073239e-01 8.292682926829268719e-02 6.829268292682927344e-02 9.756097560975609748e-03
9.500000000000000000e+00 5.900000000000000000e+01 0.000000000000000000e+00 3.389830508474576259e-02 8.474576271186440302e-02 1.355932203389830504e-01 2.203389830508474534e-01 2.203389830508474534e-01 1.186440677966101725e-01 1.355932203389830504e-01 3.389830508474576259e-02 1.694915254237288130e-02
9.500000000000000000e+00 6.300000000000000000e+01 0.000000000000000000e+00 3.174603174603174427e-02 3.174603174603174427e-02 2.539682539682539542e-01 1.746031746031745935e-01 2.222222222222222099e-01 1.111111111111111049e-01 1.428571428571428492e-01 3.174603174603174427e-02 0.000000000000000000e+00
9.500000000000000000e+00 3.570000000000000000e+02 0.000000000000000000e+00 6.442577030812324246e-02 8.963585434173669542e-02 1.512605042016806622e-01 8.403361344537815802e-02 2.156862745098039325e-01 1.988795518207282786e-01 9.243697478991597105e-02 6.722689075630251809e-02 3.641456582633053468e-02
9.500000000000000000e+00 1.230000000000000000e+02 0.000000000000000000e+00 8.130081300813008990e-03 1.951219512195122019e-01 9.756097560975610095e-02 2.113821138211382233e-01 2.032520325203251987e-01 1.219512195121951192e-01 1.300813008130081438e-01 3.252032520325203596e-02 0.000000000000000000e+00
9.500000000000000000e+00 9.800000000000000000e+01 9.183673469387755584e-02 7.142857142857142461e-02 1.020408163265306145e-01 1.020408163265306145e-01 1.734693877551020391e-01 1.734693877551020391e-01 8.163265306122448328e-02 7.142857142857142461e-02 1.020408163265306145e-01 3.061224489795918297e-02
9.500000000000000000e+00 1.530000000000000000e+02 0.000000000000000000e+00 5.228758169934640682e-02 1.307189542483660205e-01 1.633986928104575187e-01 3.267973856209150374e-01 1.503267973856209083e-01 1.045751633986928136e-01 4.575163398692810163e-02 2.614379084967320341e-02 0.000000000000000000e+00
9.500000000000000000e+00 1.120000000000000000e+02 8.928571428571428076e-03 2.678571428571428423e-02 4.464285714285714385e-02 9.821428571428571230e-02 2.232142857142857262e-01 1.875000000000000000e-01 2.053571428571428492e-01 1.160714285714285754e-01 8.928571428571428770e-02 0.000000000000000000e+00
9.500000000000000000e+00 1.220000000000000000e+02 0.000000000000000000e+00 0.000000000000000000e+00 9.836065573770491621e-02 1.147540983606557402e-01 2.540983606557377095e-01 2.622950819672131284e-01 8.196721311475409222e-02 5.737704918032787010e-02 9.836065573770491621e-02 3.278688524590164105e-02
9.500000000000000000e+00 8.000000000000000000e+01 0.000000000000000000e+00 1.250000000000000069e-02 1.000000000000000056e-01 2.500000000000000000e-01 1.499999999999999944e-01 1.625000000000000056e-01 1.625000000000000056e-01 1.125000000000000028e-01 3.749999999999999861e-02 1.250000000000000069e-02
9.500000000000000000e+00 1.800000000000000000e+02 5.555555555555555768e-03 7.222222222222221544e-02 1.499999999999999944e-01 1.499999999999999944e-01 2.333333333333333370e-01 1.833333333333333204e-01 8.888888888888889228e-02 6.111111111111110911e-02 5.000000000000000278e-02 5.555555555555555768e-03
9.500000000000000000e+00 1.080000000000000000e+02 0.000000000000000000e+00 0.000000000000000000e+00 1.388888888888888951e-01 9.259259259259258745e-02 1.203703703703703637e-01 1.759259259259259300e-01 1.759259259259259300e-01 1.851851851851851749e-01 9.259259259259258745e-02 1.851851851851851749e-02
9.500000000000000000e+00 8.600000000000000000e+01 0.000000000000000000e+00 2.325581395348837177e-02 2.325581395348837177e-02 5.813953488372092943e-02 1.395348837209302306e-01 1.395348837209302306e-01 2.441860465116278966e-01 1.744186046511627952e-01 1.395348837209302306e-01 5.813953488372092943e-02
9.500000000000000000e+00 3.130000000000000000e+02 0.000000000000000000e+00 1.597444089456868943e-02 5.750798722044728195e-02 9.584664536741213658e-02 1.789137380191693216e-01 1.789137380191693216e-01 1.693290734824281218e-01 1.789137380191693216e-01 7.667731629392970927e-02 4.792332268370606829e-02
9.500000000000000000e+00 1.000000000000000000e+02 0.000000000000000000e+00 5.000000000000000278e-02 4.000000000000000083e-02 1.499999999999999944e-01 8.000000000000000167e-02 1.100000000000000006e-01 2.300000000000000100e-01 1.799999999999999933e-01 1.000000000000000056e-01 5.999999999999999778e-02
9.500000000000000000e+00 1.330000000000000000e+02 0.000000000000000000e+00 6.015037593984962072e-02 9.022556390977443108e-02 1.052631578947368363e-01 1.654135338345864570e-01 1.729323308270676596e-01 1.428571428571428492e-01 1.203007518796992414e-01 6.766917293233082331e-02 7.518796992481202590e-02
9.500000000000000000e+00 1.180000000000000000e+02 0.000000000000000000e+00 0.000000000000000000e+00 1.016949152542372947e-01 5.084745762711864736e-02 1.355932203389830504e-01 1.186440677966101725e-01 2.711864406779661008e-01 1.271186440677966045e-01 1.694915254237288060e-01 2.542372881355932368e-02
9.500000000000000000e+00 1.280000000000000000e+02 0.000000000000000000e+00 1.562500000000000000e-02 7.031250000000000000e-02 1.015625000000000000e-01 1.718750000000000000e-01 1.640625000000000000e-01 1.562500000000000000e-01 2.109375000000000000e-01 8.593750000000000000e-02 2.343750000000000000e-02
9.500000000000000000e+00 1.540000000000000000e+02 0.000000000000000000e+00 2.597402597402597574e-02 1.038961038961039030e-01 9.740259740259740728e-02 1.753246753246753276e-01 2.207792207792207695e-01 1.623376623376623362e-01 8.441558441558441594e-02 9.740259740259740728e-02 3.246753246753246447e-02
9.500000000000000000e+00 3.090000000000000000e+02 0.000000000000000000e+00 1.294498381877022715e-02 9.061488673139159178e-02 1.423948220064724934e-01 1.877022653721682754e-01 1.877022653721682754e-01 1.812297734627831836e-01 1.391585760517799475e-01 4.854368932038834877e-02 9.708737864077669061e-03
9.500000000000000000e+00 3.700000000000000000e+02 0.000000000000000000e+00 2.432432432432432567e-02 4.594594594594594850e-02 1.216216216216216284e-01 2.000000000000000111e-01 1.837837837837837940e-01 1.594594594594594683e-01 1.486486486486486569e-01 9.189189189189189699e-02 2.432432432432432567e-02
9.500000000000000000e+00 3.770000000000000000e+02 0.000000000000000000e+00 2.652519893899204107e-03 7.692307692307692735e-02 1.034482758620689641e-01 2.122015915119363494e-01 1.909814323607426922e-01 1.883289124668434955e-01 1.379310344827586188e-01 7.692307692307692735e-02 1.061007957559681643e-02
9.500000000000000000e+00 2.660000000000000000e+02 0.000000000000000000e+00 1.127819548872180389e-02 3.383458646616541166e-02 7.894736842105262720e-02 1.954887218045112673e-01 2.406015037593984829e-01 2.142857142857142738e-01 1.203007518796992414e-01 9.398496240601503238e-02 1.127819548872180389e-02
9.500000000000000000e+00 1.940000000000000000e+02 0.000000000000000000e+00 1.546391752577319645e-02 9.278350515463917869e-02 9.793814432989690622e-02 2.113402061855670089e-01 1.597938144329896781e-01 1.907216494845360710e-01 1.340206185567010266e-01 8.247422680412370977e-02 1.546391752577319645e-02
9.500000000000000000e+00 1.520000000000000000e+02 0.000000000000000000e+00 2.631578947368420907e-02 9.868421052631579093e-02 1.250000000000000000e-01 1.447368421052631637e-01 2.039473684210526272e-01 2.105263157894736725e-01 1.250000000000000000e-01 5.921052631578947040e-02 6.578947368421052266e-03
9.500000000000000000e+00 2.750000000000000000e+02 7.272727272727272721e-03 1.818181818181818094e-02 1.381818181818181834e-01 1.563636363636363713e-01 1.527272727272727393e-01 1.199999999999999956e-01 1.490909090909090795e-01 1.236363636363636415e-01 1.018181818181818216e-01 3.272727272727272985e-02
9.500000000000000000e+00 1.240000000000000000e+02 0.000000000000000000e+00 4.838709677419354704e-02 1.129032258064516098e-01 1.693548387096774077e-01 9.677419354838709409e-02 1.370967741935483764e-01 1.129032258064516098e-01 2.177419354838709686e-01 9.677419354838709409e-02 8.064516129032257841e-03
1.200000000000000000e+01 2.310000000000000000e+02 0.000000000000000000e+00 0.000000000000000000e+00 3.896103896103896014e-02 1.515151515151515194e-01 2.207792207792207695e-01 3.116883116883116811e-01 1.255411255411255367e-01 1.125541125541125592e-01 3.030303030303030387e-02 8.658008658008658001e-03
1.200000000000000000e+01 4.040000000000000000e+02 0.000000000000000000e+00 4.950495049504950555e-03 5.693069306930693269e-02 1.237623762376237613e-01 1.881188118811881194e-01 2.500000000000000000e-01 2.103960396039603886e-01 1.163366336633663428e-01 4.455445544554455239e-02 4.950495049504950555e-03
1.200000000000000000e+01 9.180000000000000000e+02 0.000000000000000000e+00 7.625272331154684183e-03 7.407407407407406996e-02 1.470588235294117696e-01 2.276688453159041448e-01 1.960784313725490169e-01 1.481481481481481399e-01 8.169934640522875935e-02 9.694989106753812425e-02 2.069716775599128589e-02
1.200000000000000000e+01 1.090000000000000000e+02 0.000000000000000000e+00 1.834862385321101019e-02 9.174311926605505096e-02 1.834862385321101019e-01 1.467889908256880815e-01 2.385321100917431325e-01 1.467889908256880815e-01 9.174311926605505096e-02 5.504587155963303058e-02 2.752293577981651529e-02
1.200000000000000000e+01 1.460000000000000000e+02 0.000000000000000000e+00 4.109589041095890183e-02 1.027397260273972546e-01 1.643835616438356073e-01 8.904109589041095396e-02 2.328767123287671104e-01 2.054794520547945091e-01 1.164383561643835552e-01 4.109589041095890183e-02 6.849315068493150305e-03
1.200000000000000000e+01 1.420000000000000000e+02 0.000000000000000000e+00 7.042253521126760722e-03 6.338028169014084390e-02 8.450704225352112520e-02 1.197183098591549227e-01 3.028169014084506894e-01 1.760563380281690016e-01 1.338028169014084390e-01 7.746478873239436014e-02 3.521126760563380448e-02
1.200000000000000000e+01 1.690000000000000000e+02 0.000000000000000000e+00 5.917159763313609155e-02 1.005917159763313612e-01 1.420118343195266308e-01 1.775147928994082747e-01 2.071005917159763343e-01 1.065088757396449731e-01 9.467455621301774926e-02 8.284023668639053928e-02 2.958579881656804578e-02
1.200000000000000000e+01 1.420000000000000000e+02 0.000000000000000000e+00 2.112676056338028130e-02 1.619718309859154992e-01 1.760563380281690016e-01 2.253521126760563431e-01 1.690140845070422504e-01 1.619718309859154992e-01 5.633802816901408578e-02 2.816901408450704289e-02 0.000000000000000000e+00
1.200000000000000000e+01 1.090000000000000000e+02 0.000000000000000000e+00 0.000000000000000000e+00 5.504587155963303058e-02 1.192660550458715663e-01 2.477064220183486376e-01 1.926605504587156070e-01 1.834862385321101019e-01 9.174311926605505096e-02 1.100917431192660612e-01 0.000000000000000000e+00
1.200000000000000000e+01 1.360000000000000000e+02 0.000000000000000000e+00 0.000000000000000000e+00 1.470588235294117627e-02 1.838235294117647189e-01 2.132352941176470507e-01 1.691176470588235392e-01 2.058823529411764608e-01 1.544117647058823595e-01 3.676470588235294240e-02 2.205882352941176613e-02
1.200000000000000000e+01 1.730000000000000000e+02 5.780346820809248269e-03 2.890173410404624221e-02 1.156069364161849654e-02 3.468208092485548788e-02 1.271676300578034602e-01 2.196531791907514464e-01 2.716763005780346574e-01 1.907514450867051903e-01 9.248554913294797231e-02 1.734104046242774394e-02
1.200000000000000000e+01 1.560000000000000000e+02 0.000000000000000000e+00 2.564102564102564014e-02 7.692307692307692735e-02 5.769230769230769551e-02 1.794871794871794879e-01 2.115384615384615363e-01 2.628205128205128305e-01 1.153846153846153910e-01 4.487179487179487197e-02 2.564102564102564014e-02
1.200000000000000000e+01 6.370000000000000000e+02 0.000000000000000000e+00 3.139717425431711329e-03 5.023547880690738127e-02 1.711145996860282681e-01 1.978021978021977934e-01 2.197802197802197766e-01 1.993720565149136592e-01 1.051805337519623185e-01 4.866562009419152235e-02 4.709576138147566343e-03
1.200000000000000000e+01 2.440000000000000000e+02 0.000000000000000000e+00 0.000000000000000000e+00 5.737704918032787010e-02 1.803278688524590223e-01 1.926229508196721230e-01 1.844262295081967318e-01 1.844262295081967318e-01 1.762295081967213128e-01 2.459016393442622905e-02 0.000000000000000000e+00
1.200000000000000000e+01 8.300000000000000000e+01 0.000000000000000000e+00 1.204819277108433798e-02 3.614457831325301046e-02 8.433734939759035543e-02 1.445783132530120418e-01 2.048192771084337283e-01 1.686746987951807109e-01 3.012048192771084598e-01 4.819277108433735191e-02 0.000000000000000000e+00
1.200000000000000000e+01 4.510000000000000000e+02 0.000000000000000000e+00 8.869179600886917952e-03 7.095343680709534362e-02 1.241685144124168583e-01 1.840354767184035345e-01 2.062084257206208415e-01 1.751662971175166339e-01 1.330376940133037589e-01 7.095343680709534362e-02 2.660753880266075386e-02
1.200000000000000000e+01 1.890000000000000000e+02 0.000000000000000000e+00 0.000000000000000000e+00 2.116402116402116285e-02 5.820105820105819783e-02 1.428571428571428492e-01 2.116402116402116285e-01 3.280423280423280241e-01 1.164021164021163957e-01 9.523809523809523281e-02 2.645502645502645356e-02
1.200000000000000000e+01 3.920000000000000000e+02 0.000000000000000000e+00 1.275510204081632681e-02 5.612244897959183659e-02 7.908163265306122902e-02 1.938775510204081565e-01 1.658163265306122347e-01 2.040816326530612290e-01 1.224489795918367319e-01 1.301020408163265363e-01 3.571428571428571230e-02
1.200000000000000000e+01 1.550000000000000000e+02 1.290322580645161289e-02 6.451612903225806446e-03 1.483870967741935387e-01 1.032258064516129031e-01 1.806451612903225701e-01 1.870967741935483930e-01 1.096774193548387122e-01 1.548387096774193616e-01 8.387096774193548987e-02 1.290322580645161289e-02
1.200000000000000000e+01 1.270000000000000000e+02 0.000000000000000000e+00 2.362204724409448786e-02 6.299212598425196763e-02 1.338582677165354451e-01 2.362204724409448786e-01 1.417322834645669272e-01 1.732283464566929110e-01 1.338582677165354451e-01 5.511811023622047168e-02 3.937007874015747977e-02
1.200000000000000000e+01 1.100000000000000000e+02 0.000000000000000000e+00 5.454545454545454281e-02 8.181818181818181768e-02 8.181818181818181768e-02 2.090909090909090773e-01 2.000000000000000111e-01 2.181818181818181712e-01 1.090909090909090856e-01 3.636363636363636187e-02 9.090909090909090468e-03
1.200000000000000000e+01 1.560000000000000000e+02 0.000000000000000000e+00 1.282051282051282007e-02 6.410256410256409687e-02 1.987179487179487059e-01 2.051282051282051211e-01 2.371794871794871695e-01 1.217948717948717924e-01 1.089743589743589758e-01 3.205128205128204844e-02 1.923076923076923184e-02
1.200000000000000000e+01 4.900000000000000000e+01 2.040816326530612082e-02 2.040816326530612082e-02 8.163265306122448328e-02 1.224489795918367319e-01 6.122448979591836593e-02 2.040816326530612290e-01 2.244897959183673464e-01 1.428571428571428492e-01 1.224489795918367319e-01 0.000000000000000000e+00
1.200000000000000000e+01 1.600000000000000000e+02 0.000000000000000000e+00 8.125000000000000278e-02 8.125000000000000278e-02 1.875000000000000000e-01 1.625000000000000056e-01 1.749999999999999889e-01 1.499999999999999944e-01 8.125000000000000278e-02 7.499999999999999722e-02 6.250000000000000347e-03
1.200000000000000000e+01 1.520000000000000000e+02 3.947368421052631360e-02 5.921052631578947040e-02 7.894736842105262720e-02 4.605263157894736586e-02 2.236842105263157909e-01 2.302631578947368363e-01 7.894736842105262720e-02 2.105263157894736725e-01 1.973684210526315680e-02 1.315789473684210453e-02
1.200000000000000000e+01 1.190000000000000000e+02 8.403361344537814762e-03 8.403361344537815802e-02 5.882352941176470507e-02 1.512605042016806622e-01 2.268907563025210072e-01 1.512605042016806622e-01 8.403361344537815802e-02 1.176470588235294101e-01 9.243697478991597105e-02 2.521008403361344602e-02
1.200000000000000000e+01 1.050000000000000000e+02 1.904761904761904934e-02 8.571428571428571508e-02 2.095238095238095288e-01 1.333333333333333315e-01 2.476190476190476275e-01 1.809523809523809479e-01 5.714285714285714107e-02 2.857142857142857054e-02 3.809523809523809867e-02 0.000000000000000000e+00
1.200000000000000000e+01 3.210000000000000000e+02 3.115264797507788074e-03 4.672897196261682068e-02 1.090342679127725839e-01 2.647975077881619677e-01 2.024922118380062253e-01 1.651090342679127632e-01 1.152647975077881609e-01 8.722741433021806434e-02 6.230529595015576148e-03 0.000000000000000000e+00
1.200000000000000000e+01 1.180000000000000000e+02 8.474576271186440649e-03 2.542372881355932368e-02 6.779661016949152519e-02 1.864406779661016977e-01 2.881355932203389925e-01 1.949152542372881436e-01 1.610169491525423602e-01 5.084745762711864736e-02 1.694915254237288130e-02 0.000000000000000000e+00
1.200000000000000000e+01 1.450000000000000000e+02 0.000000000000000000e+00 6.896551724137930939e-02 1.448275862068965636e-01 1.862068965517241492e-01 1.517241379310344807e-01 1.517241379310344807e-01 1.517241379310344807e-01 8.965517241379310220e-02 4.827586206896551657e-02 6.896551724137930939e-03
1.200000000000000000e+01 1.510000000000000000e+02 0.000000000000000000e+00 2.649006622516556289e-02 9.271523178807947185e-02 1.192052980132450313e-01 1.456953642384105907e-01 2.251655629139072967e-01 1.589403973509933843e-01 1.456953642384105907e-01 6.622516556291391243e-02 1.986754966887417304e-02
1.200000000000000000e+01 4.390000000000000000e+02 0.000000000000000000e+00 1.594533029612756406e-02 5.922551252847380737e-02 1.298405466970387334e-01 1.936218678815489758e-01 1.845102505694760919e-01 1.594533029612756336e-01 1.480637813211845011e-01 8.656036446469247969e-02 2.277904328018223387e-02
1.200000000000000000e+01 1.620000000000000000e+02 0.000000000000000000e+00 3.703703703703703498e-02 1.358024691358024616e-01 1.913580246913580141e-01 1.604938271604938183e-01 1.481481481481481399e-01 1.481481481481481399e-01 1.049382716049382658e-01 6.790123456790123080e-02 6.172839506172839164e-03
1.200000000000000000e+01 2.250000000000000000e+02 0.000000000000000000e+00 3.555555555555555552e-02 9.777777777777778290e-02 1.199999999999999956e-01 2.000000000000000111e-01 2.533333333333333548e-01 1.155555555555555503e-01 1.022222222222222282e-01 7.111111111111111105e-02 4.444444444444444441e-03
1.200000000000000000e+01 1.230000000000000000e+02 0.000000000000000000e+00 2.439024390243902524e-02 1.138211382113821085e-01 1.138211382113821085e-01 2.195121951219512202e-01 2.764227642276422814e-01 1.056910569105691117e-01 8.943089430894309022e-02 5.691056910569105426e-02 0.000000000000000000e+00
1.200000000000000000e+01 1.400000000000000000e+02 0.000000000000000000e+00 2.857142857142857054e-02 3.571428571428571230e-02 1.071428571428571369e-01 1.142857142857142821e-01 1.785714285714285754e-01 2.214285714285714191e-01 1.785714285714285754e-01 1.357142857142857040e-01 0.000000000000000000e+00
1.200000000000000000e+01 1.930000000000000000e+02 1.554404145077720178e-02 1.554404145077720178e-02 1.191709844559585424e-01 1.243523316062176143e-01 1.761658031088082776e-01 1.761658031088082776e-01 1.554404145077720178e-01 1.088082901554404125e-01 7.772020725388600892e-02 3.108808290155440357e-02
1.200000000000000000e+01 1.620000000000000000e+02 0.000000000000000000e+00 1.851851851851851749e-02 3.086419753086419582e-02 8.641975308641974829e-02 1.172839506172839441e-01 2.901234567901234684e-01 1.419753086419753008e-01 1.666666666666666574e-01 1.296296296296296224e-01 1.851851851851851749e-02
1.200000000000000000e+01 1.300000000000000000e+02 0.000000000000000000e+00 2.307692307692307820e-02 7.692307692307692735e-02 1.307692307692307765e-01 1.923076923076923184e-01 2.000000000000000111e-01 1.846153846153846256e-01 1.076923076923076983e-01 6.153846153846154188e-02 2.307692307692307820e-02
1.200000000000000000e+01 1.090000000000000000e+02 0.000000000000000000e+00 2.752293577981651529e-02 5.504587155963303058e-02 1.376146788990825764e-01 1.926605504587156070e-01 1.651376146788990917e-01 1.834862385321101019e-01 1.559633027522935866e-01 6.422018348623853568e-02 1.834862385321101019e-02
1.200000000000000000e+01 2.080000000000000000e+02 0.000000000000000000e+00 2.403846153846153980e-02 7.211538461538460898e-02 1.057692307692307682e-01 2.115384615384615363e-01 1.778846153846153910e-01 1.490384615384615363e-01 1.634615384615384637e-01 8.173076923076923184e-02 1.442307692307692388e-02
1.200000000000000000e+01 7.980000000000000000e+02 0.000000000000000000e+00 2.506265664160400863e-02 7.017543859649122417e-02 1.428571428571428492e-01 1.390977443609022479e-01 1.979949874686716682e-01 1.679197994987468578e-01 1.466165413533834505e-01 8.897243107769423065e-02 2.130325814536340734e-02
1.200000000000000000e+01 3.200000000000000000e+02 0.000000000000000000e+00 0.000000000000000000e+00 2.812500000000000069e-02 5.625000000000000139e-02 7.812500000000000000e-02 2.187500000000000000e-01 2.781250000000000111e-01 1.499999999999999944e-01 1.718750000000000000e-01 1.874999999999999931e-02
1.200000000000000000e+01 1.790000000000000000e+02 0.000000000000000000e+00 1.675977653631284883e-02 8.379888268156424069e-02 7.262569832402235304e-02 2.234636871508379752e-01 1.396648044692737345e-01 2.011173184357541999e-01 1.061452513966480438e-01 1.284916201117318468e-01 2.793296089385474690e-02
1.200000000000000000e+01 1.840000000000000000e+02 0.000000000000000000e+00 1.086956521739130405e-02 1.032608695652173919e-01 1.086956521739130405e-01 2.282608695652173780e-01 1.956521739130434867e-01 1.956521739130434867e-01 6.521739130434782428e-02 8.152173913043478382e-02 1.086956521739130405e-02
1.200000000000000000e+01 2.590000000000000000e+02 0.000000000000000000e+00 7.722007722007722189e-03 7.335907335907336513e-02 1.544401544401544368e-01 1.853281853281853186e-01 1.428571428571428492e-01 2.316602316602316691e-01 1.081081081081081141e-01 7.722007722007721842e-02 1.930501930501930460e-02
1.200000000000000000e+01 3.960000000000000000e+02 0.000000000000000000e+00 2.525252525252525207e-02 6.313131313131313538e-02 1.035353535353535359e-01 1.919191919191919060e-01 2.045454545454545581e-01 1.919191919191919060e-01 1.035353535353535359e-01 9.595959595959595301e-02 2.020202020202020374e-02
1.200000000000000000e+01 4.920000000000000000e+02 0.000000000000000000e+00 1.422764227642276356e-02 5.487804878048780505e-02 1.219512195121951192e-01 1.808943089430894435e-01 1.646341463414634221e-01 2.093495934959349603e-01 1.361788617886178776e-01 9.959349593495935016e-02 1.829268292682926719e-02
1.200000000000000000e+01 2.090000000000000000e+02 0.000000000000000000e+00 9.569377990430621636e-03 1.387559808612440215e-01 1.483253588516746380e-01 2.105263157894736725e-01 1.674641148325358986e-01 1.483253588516746380e-01 9.569377990430621983e-02 5.741626794258373329e-02 2.392344497607655496e-02
